% Defining matrix I
I = [10 20 85 97 55;
    40 60 70 66 52;
    9 70 90 87 12;
    15 54 33 60 11;
    6 26 73 59 9]
